JD  2438792.990278

Moon     310.2013519  -3.8172231    0.002697218
Sun      312.420876008890   -0.001512184745090     0.985516717978114
Mercury  297.077789573037   -1.408042528273130     1.335617865210610
Venus    295.208838645531   -0.404186377323587     1.607417807258960
Mars     177.966221389311    3.652591565048710     0.820524845842018
Jupiter   46.929002311255   -0.904184663749155     4.843506464361290
Saturn   334.601916856672   -1.566533526025280    10.644173940292100
Uranus   164.031965369408    0.811550865197384    17.443756223914400
Neptune  229.922406942852    1.755028569532520    30.440440357904200
Pluto    165.825427045584    14.54867058023700    31.870940152658500
